1 100067
2 215303
3 486094
5 94383
8 240382
9 860791
12 78718
17 230493
18 138469
21 140762
22 136113
23 113572
25 59908
28 350681
30 475869
32 330616
33 77636
34 171003
36 267625
38 99280
39 261005
45 123459
47 290309
50 66551
52 672175
54 97874
56 435795
57 1070426
61 155403
66 297106
70 155806
75 169530
77 825143
79 424345
86 617303
89 63469
95 863782
105 214837
108 106265
111 86820
113 79684
115 169357
117 1130642
127 1912485
132 138315
135 100254
159 237836
162 210009
189 226277
192 149405
201 2017866
206 58598
209 326333
213 412582
217 84269
222 195483
228 202423
234 68517
237 152404
242 115788
254 150105
256 225086
259 93966
262 106438
268 275601
271 95400
283 74972
286 117204
288 164861
301 924218
305 212469
308 559966
318 159486
328 1990076
334 57838
338 104436
342 72872
346 114379
356 82643
372 262964
374 54065
380 130189
388 169767
394 61832
398 76462
400 116540
410 148838
412 120358
414 236330
418 151020
428 94583
430 51540
432 238540
434 256350
452 130141
458 101641
472 366484
474 223766
482 122829
492 115604
494 469184
496 79457
504 381086
508 162933
516 66299
523 220118
537 512703
554 150036
562 104906
582 455407
602 70393
604 69555
607 255329
621 78488
636 89100
645 109911
647 114094
649 107430
656 70046
672 90489
703 136128
734 118732
789 111216
792 106636
793 99958
886 135624
897 124300
901 534372
911 80366
924 1641588
942 1164259
951 117601
954 106161
959 267928
961 2002653
973 226153
1004 192429
1010 242640
1020 185395
1021 117925
1022 116522
1025 187412
1034 94574
1043 246508
1044 91476
1045 1034055
1048 63388
1049 58820
1057 699307
1066 115137
1071 452405
1072 65258
1085 272200
1089 92809
1112 79227
1114 86851
1116 361779
1120 104235
1121 175260
1135 350317
1146 3200974
1147 1236145
1164 195230
1167 203802
1174 93871
1180 106722
1186 101209
1192 118748
1205 71092
1229 88065
1233 102609
1241 76534
1242 157509
1250 153677
1263 619640
1273 91398
1281 233089
1298 199723
1315 143982
1320 158662
1322 153992
1344 198981
1351 392670
1352 169682
1357 185711
1360 98549
1361 1740569
1367 176454
1402 260970
1403 2328390
1404 9599180
1406 466923
1407 525580
1410 140301
1411 159251
1412 151895
1413 80370
1415 226446
1416 185223
1417 430912
1418 133025
1419 102333
1420 132147
1421 504750
1423 112639
1424 259533
1425 135815
1426 97727
1427 50973
1429 234873
1430 64466
1431 124199
1432 136223
1433 199239
1434 51996
1435 231901
1437 70027
1438 217600
1439 446158
1440 90237
1441 278674
1442 364507
1444 735438
1445 195556
1446 627323
1447 242886
1448 295666
1450 109062
1451 338307
1452 160696
1454 215209
1455 285524
1456 412147
1459 368290
1460 1457817
1462 1644863
1463 214329
1465 1731899
1467 403783
1468 268943
1470 341591
1471 355074
1472 1225566
1473 159547
1474 4007634
1476 312011
1477 999966
1478 439974
1479 530138
1480 294096
1481 96377
1482 683488
