2 (39.928899999999999, 116.38800000000001) 1458 (31.0456, 121.40000000000001) 1.05406193129e-05 1086.87
1459 (34.258299999999998, 108.929) 1461 (36.369199999999999, 115.054) 1.15110197941e-05 603.32
61 (39.928899999999999, 116.38800000000001) 1464 (23.116700000000002, 113.25) 0.000170900730854 1893.18
1471 (32.061700000000002, 118.77800000000001) 115 (39.928899999999999, 116.38800000000001) 0.000201672660179 901.01
1403 (35.0, 105.0) 57 (39.928899999999999, 116.38800000000001) 0.000276158266362 1143.88
1465 (31.863900000000001, 117.28100000000001) 1458 (31.0456, 121.40000000000001) 0.000324738782432 401.26
414 (41.487499999999997, -81.672399999999996) 1429 (38.0, -97.0) 0.000724470065543 1364.96
192 (33.351599999999998, -86.821100000000001) 1419 (38.0, -97.0) 0.00126813469691 1054.17
647 (45.5, -73.583299999999994) 897 (33.956200000000003, -83.988) 0.00132250959145 1559.42
582 (39.0, 22.0) 1233 (52.5, 5.75) 0.00154751630981 1951.76
75 (34.683599999999998, 113.533) 1417 (39.928899999999999, 116.38800000000001) 0.00166774931213 635.66
1446 (45.466700000000003, -73.466700000000003) 1447 (45.950000000000003, -74.150000000000006) 0.00190502399278 75.54
105 (53.549999999999997, 10.0) 1367 (42.833300000000001, 12.833299999999999) 0.00205922655884 1210.13
523 (40.0, -4.0) 1357 (48.859999999999999, 2.3500000000000001) 0.00210011350472 1106.12
1438 (26.381799999999998, -80.104600000000005) 897 (33.956200000000003, -83.988) 0.00236044654127 921.33
1250 (54.149999999999999, -4.4832999999999998) 1233 (52.5, 5.75) 0.00262857713956 703.48
1077 (52.0, 20.0) 105 (53.549999999999997, 10.0) 0.00284285683372 693.97
47 (36.668300000000002, 116.997) 1415 (22.25, 114.167) 0.00287863366258 1626.76
428 (40.906399999999998, -74.665800000000004) 1446 (45.466700000000003, -73.466700000000003) 0.00315500274806 516.46
162 (42.833300000000001, 12.833299999999999) 344 (52.0, 20.0) 0.00317800610265 1152.18
12 (47.680100000000003, -122.121) 1229 (29.752300000000002, -95.367000000000004) 0.00378507443703 3033.05
1437 (43.666699999999999, -79.416700000000006) 1440 (38.0, -97.0) 0.00388334784221 1604.33
607 (38.0, -97.0) 1441 (34.137900000000002, -118.392) 0.00437669110262 1965.97
338 (52.0, 20.0) 1071 (-10.0, -55.0) 0.00440371195153 9882.66
394 (62.0, 15.0) 1043 (47.0, 8.0) 0.00446765733728 1726.24
516 (51.514200000000002, -0.093100000000000002) 703 (52.5, 5.75) 0.00506391079249 414.69
504 (40.645200000000003, -75.437399999999997) 951 (60.0, -95.0) 0.0053799602818 2540.61
346 (50.833300000000001, 4.0) 1112 (51.514200000000002, -0.093100000000000002) 0.00546585327834 295.27
1451 (35.689999999999998, 139.69) 1453 (35.689999999999998, 139.69) 0.00603326826253 0.0
410 (52.5, 5.75) 432 (48.859999999999999, 2.3500000000000001) 0.00605645479113 470.36
234 (51.0, 9.0) 1192 (52.5, 5.75) 0.00633915790874 279.1
789 (49.0, 32.0) 1307 (56.883299999999998, 14.816700000000001) 0.00647571346638 1440.87
308 (42.0152, -87.990099999999998) 1147 (38.0, -97.0) 0.00652388637678 887.38
201 (53.0, -8.0) 1361 (48.859999999999999, 2.3500000000000001) 0.006768889097 858.13
739 (51.5, -0.13) 1010 (46.0, 25.0) 0.00695326189002 1930.61
1241 (60.0, 100.0) 1242 (60.0, 100.0) 0.00714498580764 0.0
1120 (26.022200000000002, -80.149600000000007) 1229 (29.752300000000002, -95.367000000000004) 0.00901902221613 1551.13
1351 (56.860500000000002, 35.875999999999998) 344 (52.0, 20.0) 0.00927793769776 1156.99
1433 (41.023200000000003, -73.679500000000004) 647 (45.5, -73.583299999999994) 0.0101855264665 498.01
734 (46.0, 25.0) 1057 (49.0, 32.0) 0.0102883053933 622.55
482 (48.816699999999997, 2.2332999999999998) 1357 (48.859999999999999, 2.3500000000000001) 0.0116350837257 9.81
1450 (35.689999999999998, 139.69) 1455 (37.57, 126.98) 0.0140655844746 1152.69
342 (29.830100000000002, -95.4739) 1439 (38.895099999999999, -77.0364) 0.0144851051018 1964.75
973 (60.0, 100.0) 1066 (42.833300000000001, 12.833299999999999) 0.0145016069415 5854.45
1414 (22.283300000000001, 114.15000000000001) 1479 (35.0, 105.0) 0.0155528929512 1670.92
1034 (51.5, -0.13) 432 (48.859999999999999, 2.3500000000000001) 0.0167457237306 342.64
117 (30.293600000000001, 120.161) 77 (31.0456, 121.40000000000001) 0.0179874272112 145.08
788 (49.0, 32.0) 1344 (49.75, 15.5) 0.0180295407528 1195.45
1229 (29.752300000000002, -95.367000000000004) 342 (29.830100000000002, -95.4739) 0.0180712541159 13.47
434 (64.0, 26.0) 1307 (56.883299999999998, 14.816700000000001) 0.0192072717249 998.63
189 (50.833300000000001, 4.0) 105 (53.549999999999997, 10.0) 0.0195810793024 508.34
1445 (46.364699999999999, -72.555800000000005) 647 (45.5, -73.583299999999994) 0.0223802892811 124.77
1263 (46.0, 25.0) 1281 (55.752200000000002, 37.615600000000001) 0.0223848164481 1395.8
1066 (42.833300000000001, 12.833299999999999) 734 (46.0, 25.0) 0.0236112944829 1027.51
159 (31.0, 36.0) 562 (57.933300000000003, 12.5167) 0.0241665542571 3489.04
1352 (51.976900000000001, 49.779800000000002) 1351 (56.860500000000002, 35.875999999999998) 0.0242945900838 1048.24
1428 (38.0, -97.0) 1435 (47.680100000000003, -122.121) 0.024781744586 2300.01
1448 (52.5, 5.75) 418 (39.623699999999999, -104.874) 0.0269011543133 7794.41
1442 (34.045299999999997, -118.241) 1441 (34.137900000000002, -118.392) 0.0277823749033 17.31
338 (52.0, 20.0) 734 (46.0, 25.0) 0.0279158732948 760.18
346 (50.833300000000001, 4.0) 562 (57.933300000000003, 12.5167) 0.0302631397941 961.76
1043 (47.0, 8.0) 1357 (48.859999999999999, 2.3500000000000001) 0.031353141992 469.0
793 (42.833300000000001, 12.833299999999999) 1307 (56.883299999999998, 14.816700000000001) 0.0323018863571 1569.07
1025 (35.689999999999998, 139.69) 1167 (38.752099999999999, -121.288) 0.0323352518351 8295.77
259 (32.807299999999998, -117.13200000000001) 1451 (35.689999999999998, 139.69) 0.0324892444546 8983.58
504 (40.645200000000003, -75.437399999999997) 1437 (43.666699999999999, -79.416700000000006) 0.0328587088102 469.58
1072 (-10.0, -55.0) 604 (-22.740300000000001, -47.334400000000002) 0.0331652176679 1635.2
649 (60.0, 100.0) 1233 (52.5, 5.75) 0.0365673964516 5378.57
237 (52.5, 5.75) 189 (50.833300000000001, 4.0) 0.0377086831961 221.22
1315 (42.4651, -82.944100000000006) 1439 (38.895099999999999, -77.0364) 0.0390963497925 636.91
380 (33.611899999999999, -111.89100000000001) 1432 (40.839300000000001, -73.279700000000005) 0.0397207585653 3483.16
356 (37.396099999999997, -121.962) 502 (38.0, -97.0) 0.0399105714229 2191.34
400 (42.888399999999997, -78.876099999999994) 1433 (41.023200000000003, -73.679500000000004) 0.0414749494258 477.18
1450 (35.689999999999998, 139.69) 1441 (34.137900000000002, -118.392) 0.0417415028826 8801.68
1351 (56.860500000000002, 35.875999999999998) 1281 (55.752200000000002, 37.615600000000001) 0.0427405846451 163.45
886 (45.7485, 4.8467000000000002) 1205 (51.0, 9.0) 0.0429263502939 659.57
452 (51.5, -0.13) 1361 (48.859999999999999, 2.3500000000000001) 0.0432566164312 342.64
418 (39.623699999999999, -104.874) 342 (29.830100000000002, -95.4739) 0.0433595600107 1385.7
645 (29.763300000000001, -95.363299999999995) 1418 (38.0, -97.0) 0.0446281539625 928.5
1010 (46.0, 25.0) 789 (49.0, 32.0) 0.0476519923659 622.55
1420 (38.0, -97.0) 428 (40.906399999999998, -74.665800000000004) 0.0488792563693 1939.74
372 (37.798900000000003, -122.398) 1174 (37.598500000000001, 126.97799999999999) 0.0522276667972 9029.04
192 (33.351599999999998, -86.821100000000001) 897 (33.956200000000003, -83.988) 0.0554582643189 270.78
1146 (32.929900000000004, -96.835300000000004) 1273 (47.0, 8.0) 0.0581176944924 8393.72
886 (45.7485, 4.8467000000000002) 1361 (48.859999999999999, 2.3500000000000001) 0.0593376284467 393.95
1452 (35.689999999999998, 139.69) 213 (37.57, 126.98) 0.0621237901927 1152.69
1298 (49.25, -122.95) 1089 (51.5, -0.13) 0.0637148699797 7577.19
286 (33.840299999999999, -118.354) 356 (37.396099999999997, -121.962) 0.0674172078208 512.6
458 (39.952300000000001, -75.163799999999995) 428 (40.906399999999998, -74.665800000000004) 0.0678721568463 114.19
1357 (48.859999999999999, 2.3500000000000001) 189 (50.833300000000001, 4.0) 0.0702837173486 249.35
1186 (32.221699999999998, -110.926) 1425 (41.811, -88.030199999999994) 0.0743791803701 2286.1
1432 (40.839300000000001, -73.279700000000005) 1433 (41.023200000000003, -73.679500000000004) 0.0802686270185 39.33
1164 (37.380899999999997, -5.9978999999999996) 1167 (38.752099999999999, -121.288) 0.0858984643673 9274.31
36 (41.792200000000001, 123.43300000000001) 474 (25.039200000000001, 121.52500000000001) 0.0893547324072 1871.7
1418 (38.0, -97.0) 1425 (41.811, -88.030199999999994) 0.0989523319821 874.23
